        N:       1       2       3       4       5       6       7       8       9      10
    theta:  21.787  13.174   9.430   7.341   6.009   5.086   4.408   3.890   3.481   3.150
No. atoms:      28      76     148     244     364     508     676     868    1084    1324
        
        N:      11      12      13      14      15      16      17      18      19      20
    theta:   2.876   2.646   2.450   2.281   2.134   2.005   1.890   1.788   1.696   1.614
No. atoms:    1588    1876    2188    2524    2884    3268    3676    4108    4564    5044
        
        N:      21      22      23      24      25      26      27      28      29      30
    theta:   1.538   1.470   1.408   1.350   1.297   1.248   1.203   1.161   1.121   1.085
No. atoms:    5548    6076    6628    7204    7804    8428    9076    9748   10444   11164
        
        N:      31      32      33      34      35      36      37      38      39      40
    theta:   1.050   1.018   0.987   0.959   0.932   0.906   0.882   0.859   0.837   0.817
No. atoms:   11908   12676   13468   14284   15124   15988   16876   17788   18724   19684
        
        N:      41      42      43      44      45      46      47      48      49      50
    theta:   0.797   0.778   0.760   0.743   0.727   0.711   0.696   0.682   0.668   0.655
No. atoms:   20668   21676   22708   23764   24844   25948   27076   28228   29404   30604
        
        N:      51      52      53      54      55      56      57      58      59      60
    theta:   0.642   0.630   0.618   0.607   0.596   0.585   0.575   0.565   0.556   0.547
No. atoms:   31828   33076   34348   35644   36964   38308   39676   41068   42484   43924
        
        N:      61      62      63      64      65      66      67      68      69      70
    theta:   0.538   0.529   0.521   0.513   0.505   0.497   0.490   0.483   0.476   0.469
No. atoms:   45388   46876   48388   49924   51484   53068   54676   56308   57964   59644
        
        N:      71      72      73      74      75      76      77      78      79      80
    theta:   0.463   0.456   0.450   0.444   0.438   0.432   0.427   0.421   0.416   0.411
No. atoms:   61348   63076   64828   66604   68404   70228   72076   73948   75844   77764
        
        N:      81      82      83      84      85      86      87      88      89      90
    theta:   0.406   0.401   0.396   0.391   0.387   0.382   0.378   0.374   0.370   0.366
No. atoms:   79708   81676   83668   85684   87724   89788   91876   93988   96124   98284
        
        N:      91      92      93      94      95      96      97      98      99     100
    theta:   0.362   0.358   0.354   0.350   0.346   0.343   0.339   0.336   0.332   0.329
No. atoms:  100468  102676  104908  107164  109444  111748  114076  116428  118804  121204